# Building Distribution by Geometry type and number of points, Task 4857 area, 2018-07-06

| Nb Points| 2m2 or less | nr Non Regular | o Orthogonal | r Regular | Total |
| ----: | ----------: | ----------: | -------------: | ----------: | -------------: |
| 5 | 18 | 371 | 16,652 | 0 | 17,041 |
| 6 | 0 | 47 | 39 | 0 | 86 |
| 7 | 0 | 43 | 548 | 15 | 606 |
| 8 | 0 | 5 | 7 | 2 | 14 |
| 9 | 0 | 11 | 128 | 58 | 197 |
| 10 | 0 | 3 | 1 | 2 | 6 |
| 11 | 0 | 143 | 13 | 109 | 265 |
| 13 | 0 | 2 | 13 | 3 | 18 |
| 15 | 0 | 1 | 3 | 1 | 5 |
| 17 | 0 | 1 | 2 | 0 | 3 |
| 19 | 0 | 1 | 0 | 0 | 1 |
| 20 | 0 | 2 | 0 | 64 | 66 |
| 21 | 0 | 2 | 0 | 0 | 2 |
| 25 | 0 | 0 | 1 | 0 | 1 |
| 29 | 0 | 0 | 1 | 0 | 1 |
| All Buildings | 18 | 632 | 17,408 | 254 | 18,312 |

